158
130,230
75
121
213
180
124
4,16,36,42,47,71,97,100,108,117,141,147,186,194,245,269,293
59
252
84,141
137,178
5,6,11,52,63,88,92,108,122,150,162,181,201,206,209,242,258,286
4,6,17,22,110,126,141,154,162,201,217,243,275,278,286,289
16
0,178,212
224
285
32
88,223,270
227
92
4,5,7,16,17,21,23,32,39,40,42,43,44,52,58,63,69,71,75,79,83,85,89,96,101,108,110,119,126,129,132,141,143,147,159,160,162,174,175,191,194,196,197,200,212,213,225,226,229,233,238,240,244,247,249,251,252,256,260,262,263,265,269,272,282,289,290,295,297,300
36
4,5,18,22,23,27,28,34,37,44,46,47,49,53,57,84,92,100,102,103,104,110,119,120,121,124,128,129,130,132,137,139,140,141,149,153,163,168,169,177,179,181,191,192,193,210,212,213,215,217,219,220,221,224,225,228,230,238,240,242,249,250,252,254,255,256,270,272,273,277,285,286,300
0,65,68,190,191,208,221
268
0,1,4,6,8,11,12,16,18,19,20,35,36,38,55,60,62,63,70,87,92,95,96,101,103,104,107,113,115,119,121,123,124,125,126,130,131,132,136,139,141,143,145,146,147,148,149,152,153,157,158,159,165,171,175,179,187,193,194,196,197,201,204,212,213,215,217,218,224,232,237,238,255,256,267,269,271,275,278,283,284,285,290,297,300,301
4,5,12,40,47,51,119,124,126,132,146,166,200,227,252,298
199
145,162,215
249,295
196
38,52,159
212
22
16
0,4,15,16,18,22,23,24,35,36,40,45,46,49,50,51,57,59,63,68,70,75,81,85,86,94,97,101,104,108,110,115,118,122,124,126,129,132,141,146,149,153,154,159,162,165,167,175,180,182,183,191,194,195,196,202,207,212,215,217,221,223,227,228,232,233,237,238,240,241,245,247,249,252,253,254,262,263,265,267,268,270,271,278,282,285,293,299,300
68
238
79
4,5,16,20,32,40,44,53,55,61,65,68,78,79,97,103,107,110,118,120,121,122,123,124,128,129,132,141,147,161,167,169,177,180,185,196,199,201,206,210,223,224,231,235,254,255,264,269,270,274,288,293
89,98,110,123,191,248
6,88,129,190,210
232
14
220
4,19,33,48,110,124,156,158,171,173,201,245
12
4,24,50,64,80,88,89,95,96,110,129,132,145,161,165,210,215,227,238,240,249,271,273,299
0,130,159,254
170
3,8,16,18,20,22,24,36,41,51,54,71,74,96,97,98,99,107,110,114,117,118,119,120,121,123,124,126,128,133,138,141,143,149,153,154,155,159,165,169,170,175,179,186,194,198,204,206,227,229,231,232,233,234,245,249,252,254,260,264,267,268,284,286,290,298
1,4,5,6,9,12,32,33,39,41,71,76,84,85,89,101,108,109,110,118,132,133,141,143,163,167,171,175,196,201,217,232,233,238,263,276,277,286,288,291,294,295
4,63,119,191
16
76
141
72
16,24,47,49,85,87,94,101,116,124,130,131,137,153,158,167,177,179,181,193,196,242
129
36,183
153,273
106
200
206
40
0,1,4,6,9,12,17,19,22,23,24,34,40,43,45,47,48,49,51,52,63,74,75,79,82,83,88,89,96,97,101,102,107,108,110,111,116,118,120,121,122,123,124,127,130,131,137,138,141,143,145,146,148,161,163,165,166,169,170,180,184,185,194,198,201,204,208,210,211,212,216,217,221,226,227,232,234,238,240,242,243,245,248,256,258,259,261,278,285,298
143,153,158
65
47
241
227
275
112,170
119
147
44,271
0,8,18,32,38,42,53,54,65,76,80,86,95,98,100,115,122,123,124,131,133,149,153,155,158,165,166,177,180,184,186,198,199,215,221,223,226,252,259,284,290,299
86,123,165
25,122
46,158,211
39
0,4,12,16,27,28,55,79,80,96,99,104,110,116,118,124,131,141,142,147,152,153,173,174,181,210,212,217,220,235,236,249,263,269,281,290,294,301
228
34,75,88,118,119,120,124,132,145,147,153,173,201,217,219,223,231,240,245,249,269,295
3,5,6,8,12,17,29,45,48,49,54,57,61,65,68,76,91,97,101,103,104,112,116,120,123,124,129,132,133,141,145,152,153,154,156,157,165,166,175,177,178,197,199,201,204,207,223,232,234,235,237,253,265,271,275,276,279,285,288,293,299,301
254
205,252
288
0,4,5,8,21,23,27,32,33,34,36,37,39,44,45,48,52,57,59,63,64,65,66,67,72,75,76,81,86,108,109,110,116,117,119,120,124,126,131,133,137,141,145,149,153,154,157,158,167,173,174,176,182,190,194,196,199,201,210,213,230,231,232,240,241,256,262,269,270,273,284,286,291,299,300
71
212
4,5,13,28,32,52,60,74,75,81,115,121,132,154,159,160,199,201,210,238,258,261,270,289,300
30
238
86,132,206
270
132,146
141
214,275
170,195
49,194
208
71,79,248,278
167
153
270
17,20,46,47,51,55,80,85,110,180,198,201,232,238,270
55,210
32,40,46,59,88,110,119,122,132,164,169,175,196,198,204,221,223,225,226,247,255,263,286
112
0,1,4,16,17,43,50,60,64,80,86,90,100,108,109,112,121,126,127,132,141,149,151,156,163,167,170,176,193,197,198,200,207,232,242,248,249,254,284,285,290,292,295,300
2,51,85,98,141,201,223,232,252,255,279
257,283
141
154,179,198
4,5,16,42,51,63,72,79,96,106,108,119,123,126,138,141,145,154,161,166,170,171,191,204,210,219,240,242,246,252,273,275,289,298
0,1,5,9,17,23,31,34,36,39,46,53,54,70,80,86,87,89,92,93,96,112,117,119,122,123,129,132,143,147,148,156,159,165,175,184,197,201,207,208,212,213,232,234,241,260,270,292
6
288
161,165,167
0,4,8,15,16,20,23,27,28,37,53,59,60,66,67,73,75,76,79,80,95,101,111,120,121,124,131,132,159,166,168,171,173,196,197,198,199,201,207,211,212,213,216,225,238,240,252,255,260,277,283,285
16,141,149
0,6,24,33,40,42,61,66,79,96,97,104,107,116,143,145,153,181,192,208,217,230,241,252,254,272,285,295,300,301
3,4,9,16,17,27,31,32,33,41,45,48,51,58,59,61,68,72,81,82,84,85,87,89,100,103,112,118,119,121,123,127,129,135,141,164,167,168,169,173,175,183,190,198,201,205,206,208,212,215,217,218,221,225,228,230,232,234,235,236,237,244,248,249,252,260,262,270,273,276,284,285,289,290,294,300,301
286
262
80,124,238
47
130
41,62,128,156,177
3,6,9,10,13,19,20,37,38,39,42,50,64,69,70,74,79,80,83,93,96,98,111,120,126,132,139,141,146,157,161,167,174,178,185,194,201,215,217,219,226,227,241,243,244,261,282,290,297,299
4,11,17,31,32,85,86,99,112,121,132,136,140,152,154,163,165,201,206,212,221,226,230,235,241,247,255,266,268,269,297,299,300
1,6,14,16,20,24,35,64,68,75,95,98,101,108,110,112,115,116,117,121,131,133,153,166,191,197,198,204,213,223,226,231,232,241,252,256,259,264,273,286
118,132,298
252
63
0,86,110,139,163,166,169,189,210,223,238,243,245,268,270,283,289
163
148,249
88
4,7,28,34,38,39,41,44,49,53,61,84,118,123,126,131,132,139,141,158,183,187,193,201,213,230,235,238,246,255,265,271,279,283,284,289,300
4,16,17,32,51,53,54,61,63,91,92,101,160,178,182,201,208,236,241,249,263,275,285,288
6,19,31,51,84,86,94,96,104,105,132,143,206,217,218,220,242,277,283,285
16,21,27,34,41,46,57,63,64,79,115,118,124,125,159,167,206,224,227,229,233,242,252,259,289
293
199
118
3
145,159
6,19,33,42,50,75,87,94,98,104,116,122,124,126,130,137,143,145,158,159,171,173,192,201,215,217,225,226,232,241,242,272,298
200
2,7,8,10,13,14,15,19,23,26,29,30,34,38,39,43,46,47,48,50,56,62,65,70,73,77,78,81,82,83,85,88,90,91,93,101,102,103,105,106,107,108,111,113,114,116,119,124,125,127,134,135,136,142,143,144,145,147,148,150,151,154,155,157,160,168,172,176,178,179,180,182,183,186,188,189,190,192,195,200,202,203,205,207,208,209,211,213,214,219,222,224,230,236,239,240,246,247,248,250,251,254,256,257,260,261,263,264,265,266,268,274,280,286,287,291,292,294,297,302
3,100
97
75
25,48,64,86,110,126,158,175,238,270
224,300
166
122,268,279
6,38,44,85,97,123,129,130,132,165,174,196,218,228,266,285,299,300
221
293,300
168
11,23,104,154,155,171,210,217,242,254,263,270
9
5,8,12,16,20,22,24,25,26,30,31,32,37,39,40,42,43,44,45,49,51,53,65,69,72,75,76,83,84,86,89,94,97,99,100,103,104,106,115,117,118,121,122,123,124,126,129,130,132,134,137,138,140,141,149,156,157,161,164,166,167,170,173,174,175,179,181,183,184,185,191,196,197,205,206,207,212,216,217,219,222,224,227,228,230,233,236,240,245,248,249,250,252,256,257,260,262,265,267,269,272,279,285,286,290,292,299,301
300
35,47,48,55,110,131,162,169,196,207,210,238,240,242,270
232
28,32,72,110,139,160,166,169
219
230
49,227
4,5,34,184,201,257,287
133,230
238
9
39
137
196
21
4,87
28,33,59,74,104,132,145,149,172,217,263
54
16,180,225,288
157
60
178
221
76,154
41
140
132
75,140,141,217,237,247
107,120
38
249
226
12,206,284
18,96,115,132,173,178,267,276
17,246
22,132,192
16,63,81
20,295
81,235,285
40,46
83,85,96,110,228,293
149,153
279
175,200,276
183
64,138,255,270
219
124
0,3,6,8,9,20,22,32,36,41,45,48,49,50,61,63,71,91,95,100,101,112,124,129,137,139,141,142,143,159,164,169,184,198,210,216,227,232,238,245,249,252,260,270,273,277,278,281,298
6,8,16,17,18,21,22,24,27,32,33,34,35,37,38,39,41,42,45,57,62,63,66,74,79,80,81,83,86,87,91,93,94,95,97,99,101,103,104,106,107,108,109,110,115,118,120,121,124,126,131,132,138,141,143,145,149,152,153,154,156,165,167,171,173,174,182,187,194,200,206,210,215,217,219,221,223,224,231,232,235,237,238,239,241,242,244,245,262,263,270,271,277,279,282,284,285,290,293,294,296,298,300
65
215
79,219,270
212
0,3,4,5,6,8,11,12,16,21,23,24,25,32,39,40,41,42,44,53,65,66,67,68,71,80,83,86,89,92,94,96,101,108,110,115,121,122,127,129,132,133,137,140,141,145,146,149,152,153,154,156,169,171,182,183,190,194,198,212,215,220,221,229,232,235,247,251,252,257,258,259,260,270,277,282,283,284,285,288,289,290,295,296,300
245
235
16,34,67,96,104,116,124,132,147,167,194,210,213,217,223,240,241,251,277,295
200,252
4,6,32,45,52,59,101,121,126,167,169,171,201,210,230,234,254,259,263,264,277,279,295,300
34
64,68,76,80,115,117,123,185,233,255,256,269,275,300
198
18,123
237
179
124,216
18,24,141,175,198
127,165
196,213
1,5,6,11,16,20,22,32,34,37,38,42,48,52,59,75,79,80,83,84,89,115,119,121,123,124,126,129,132,138,140,141,146,148,149,153,157,165,166,170,171,175,177,187,191,195,201,206,210,215,216,217,227,232,236,237,238,241,242,243,248,249,250,255,256,260,262,265,272,273,279,283,285,298,300
132,161,231
16,17,35,38,64,79,92,108,126,141,159,167,174,194,196,202,206,217,228,236,264,273,285,301
4,22,23,33,58,72,109,118,123,146,153,173,201,217,248,250,262,286,294
252,284
110
4,5,6,16,17,27,31,33,40,45,50,51,54,57,61,66,71,72,74,75,77,79,80,86,88,89,95,116,118,122,123,124,129,132,138,139,141,147,149,152,165,171,173,175,179,182,183,187,193,201,204,207,211,226,231,233,238,242,247,250,253,255,256,260,264,268,270,272,278,279,280,282,283,285,288,293,297,300
7,52,100,110,132,137,169,238,251,269,270,297
140
253
76,196,276
0,3,4,6,16,28,36,39,41,48,49,63,64,71,75,76,85,94,117,118,122,124,126,128,132,146,148,152,153,157,165,178,196,206,217,219,220,223,224,225,227,228,240,254,259,260,261,263,264,268,271,273,277,278,293,295,299,300
23
141
0,2,53,80,87,96,104,110,158,159,171,173,175,217,230,240,255,265,301
11,161,167,241
1,6,7,11,20,25,40,46,49,50,58,70,74,86,87,88,104,118,124,126,131,132,139,143,146,161,166,171,175,181,187,196,200,217,218,220,226,231,238,245,247,249,252,255,256,258,259,260,262,263,283,285,293
146,208
231,288
0,1,4,5,6,16,17,23,28,31,45,51,60,61,65,68,71,72,79,83,88,89,92,98,101,106,107,110,116,120,121,123,124,125,131,132,133,141,142,155,158,159,165,167,171,174,175,177,179,183,190,191,193,196,201,204,210,212,219,222,223,224,232,234,244,249,259,264,277,278,282,284,285,289,290,291,293,295,298,300
11,19,41,47,48,51,85,108,110,116,124,132,141,153,171,192,199,228,236,241,254,259
271
6,8,13,16,22,24,29,31,34,36,37,39,44,47,48,53,74,76,86,92,97,100,101,103,110,112,124,125,126,132,135,141,148,149,150,153,169,171,175,178,184,189,195,196,197,199,200,203,206,208,210,217,220,226,228,234,237,240,242,252,256,262,268,270,272,275,276,278,279,283,285,290,293,302
179
58,64,72,115,220,239,259,263
50,81,94,177
80
290
0,12,20,21,46,53,58,69,84,118,120,139,142,153,165,166,168,184,197,228,259,262,270,298
6,18,22,25,34,38,39,41,44,46,47,48,52,55,63,64,66,67,72,75,77,80,81,82,83,87,92,95,96,104,110,112,115,117,121,124,129,130,132,142,145,146,147,149,152,153,171,182,187,188,190,193,194,205,206,208,210,216,218,227,232,238,241,247,250,252,253,256,265,268,269,270,271,276,289,300
32,238
41,279
275,282
92
25,67,80,86,97,104,118,132,181,217,282,285
3,33,35,64,110,115,144,152,165,173,208,227,233,239,251,259,286,296
194
44,51,191,216
37,164,234
6,74
216,277
4,88,94,120,141,166,210,273,282,285
295
61,160
139,166
5
22,24
5,122
0,4,6,12,16,17,23,27,33,34,37,43,44,58,60,72,80,83,87,91,100,113,115,117,124,129,131,132,133,141,142,149,153,154,164,166,175,180,182,193,194,196,200,201,207,208,214,215,217,219,221,228,232,238,243,249,254,255,257,262,265,269,275,279,287,288,293,298
232
216
0,21
212
103
28,130,141,190,204,231
279
48
8,12,33,40,46,54,61,76,83,84,124,129,139,141,145,157,165,166,173,180,181,185,211,215,217,221,230,238,251,254,258,263,264,268,285
261
227,300
11,67
6,39,110,164,173
149
175
92
32,96,100,227,252,285
294,301
1,16,30,31,42,46,61,67,74,79,81,84,110,126,162,169,180,182,194,196,197,206,217,238,242,248,285,300
16,21,53,54,58,60,104,130,132,138,140,163,210,212,252,256,265,270,277,285,295
37
8,288
141
182
76
4,12,16,17,18,24,25,27,38,44,46,53,61,68,75,79,96,110,119,121,123,126,129,131,133,141,153,158,159,163,165,166,169,170,173,175,183,184,186,197,200,204,210,212,218,221,223,227,230,232,238,242,252,262,268,271,272,273,277,285,286,290,293,295,299,302
28,210
0,4,6,9,16,51,61,65,68,75,84,87,92,99,106,116,118,132,149,152,153,156,162,201,217,221,235,251,252,288
124,231
110
45,61,216,224,269
283
16,33,99,106,146,180,184,277
225,235
264
123
27,36
184
196
32,58,110,121,124,133,137,140,154,157,163,169,172,207,238,255,264,288,295
27
33
300
0,5,6,9,12,16,18,22,24,25,28,33,48,74,89,101,106,124,129,141,143,150,155,156,159,165,175,201,204,221,223,236,252,265,266,300
42
107,132
44
179
209
109
12,267
119,299
226
133,159
229
150,206
12,16,18,23,31,44,80,106,115,150,153,159,170,175,197,206,212,217,286,287,289
87
124
9,12
23
212
0,6,12,31,39,41,49,61,63,69,72,75,95,104,106,112,118,119,122,123,124,126,129,130,131,132,135,137,141,151,153,157,159,162,165,166,169,173,174,175,178,186,193,197,198,199,210,212,215,216,217,220,221,222,223,227,230,231,232,233,234,235,237,238,241,243,244,252,253,255,256,263,264,267,269,271,278,285,289,298,301
86,129
240
194
4,5,8,9,16,17,22,28,31,32,41,52,80,84,92,97,101,113,118,124,130,132,148,159,161,166,169,175,178,198,201,210,222,223,227,229,234,245,284,288,289,290,297
141,187,216,249,268
165
131
8,16,18,21,28,32,38,41,44,71,74,79,80,96,101,104,110,118,123,129,151,159,165,181,190,191,196,197,199,204,206,232,244,247,252,259,261,270,271,272,297,298
39
0,270
49
232
270
220,249
4,12,149
234
32,43,52,86,92,115,140,159,210
0,49,89,99,112,115,118,122,129,141,165,175,222,230,248,267,279,290
83
293
115,132,148,157,162,181,189,206,217,237,247,253,266,268,300
6,8,24,25,30,44,51,61,67,72,124,132,143,144,152,160,164,165,166,170,181,184,202,215,221,229,231,232,243,256,266,268,281,282,293,300
0,2,4,17,24,32,47,49,51,61,88,94,106,119,120,132,140,141,151,152,153,154,163,167,191,194,196,200,201,225,226,227,233,235,277,278,285,286,288,293,301
184
137,268
141
5,79
86
232
4
49
20,98,110,169,238,242,243,252,254
116,143
107
106
4,16,89,147,201,233
48
33,71
93
1
15
110
100,197,245
97
0,12,18,22,28,31,33,36,38,41,55,68,74,80,84,96,107,115,123,126,128,132,133,141,145,147,149,159,166,170,173,174,175,178,207,210,212,220,224,226,230,242,245,248,252,256,259,262,263,270,282,285,288,293,296,297
4,11,12,20,22,24,36,45,55,63,64,65,80,86,89,100,108,122,124,126,129,132,137,138,150,161,166,167,194,212,213,231,247,255,266,270,276,279,288,298,300
81,82,109,124,194,229,235,275,299
22,48,101,132,165,175,179,270,273
129,252
200
120
167
116
5,92,123
238
71,110,132,199,244
79
216
108,210
99
6,12,42,50,74,103,112,124,136,175,217,232,298
6,17,23,32,40,59,64,85,104,120,130,139,153,158,166,169,175,197,198,217,233,238,244,245,253,296,300
4,22,63,76,78,218,230,234,254,275
4,5,6,7,12,16,18,19,24,25,32,35,38,47,57,59,60,65,66,70,97,104,112,118,123,124,129,130,132,133,141,143,144,163,169,170,173,175,181,184,194,200,201,202,204,207,210,214,221,227,232,234,250,255,257,258,259,269,270,272,275,279,281,282,293,295,298
76,173
254
35
174
12
198
217
99,162
69
133
232
74
24,184
194,269
71
288
166
0,9,16,51,53,86,104,132,141,153,207,214,217,220,254,285
175
189
64,115,153,210,231
16,19,184,268
4,28,44,80,84,126,156,196,201
112,165
0,1,4,6,16,17,28,32,35,45,54,57,83,92,94,97,106,111,112,115,118,121,122,123,124,126,130,132,138,140,141,143,145,146,153,156,159,166,167,173,174,191,199,200,201,205,208,210,225,227,229,232,241,252,253,255,258,260,261,272,275,276,278,283,294,299,300
51,68,121
252
80,204
296
204
223
0,24,64,74,75,87,115,178,179,256,270
129
1,5,56,86,110,165,169,216,218,232,235,243,250,252,264,278
81,196
96
33
132
141,237
32,124,266,290
252
49,164,169,206
121
197
16,18,20,220
49,63,86,91,104,115,124,141,143,252
156
117
242
159
164
31
156
1,4,5,6,12,13,16,24,25,32,36,38,40,42,44,45,46,47,50,57,60,64,65,69,71,75,80,84,94,104,109,110,115,116,118,120,126,132,133,139,140,141,146,149,154,164,166,178,179,185,190,197,204,206,208,212,213,215,221,227,234,237,241,245,252,260,268,273,281,283,284,285,287,288,289,293,300
200
3,6,12,16,19,26,34,39,41,47,63,64,72,80,84,101,106,110,115,117,129,131,136,138,141,143,146,147,149,162,163,165,167,169,173,175,176,179,181,184,187,196,217,218,221,223,226,238,243,245,260,270
226
80,137,154,166,206
264
37
4,41,59,64,83,107,115,171,177,198,233,242,245,284
252,270
300
7,231,300
16
48,104,115,199
134,167,232
16,285
167
92
133
74
42
132
104,129,141,154,181,210,244,296,300
153
171
0,1,3,5,6,10,11,16,17,19,20,25,31,33,38,41,44,45,49,55,57,62,67,70,74,75,76,80,83,84,86,96,97,98,100,103,107,109,110,114,118,119,120,124,126,130,131,136,138,139,141,147,149,153,156,159,161,164,165,166,167,169,173,174,175,176,177,181,186,187,196,197,199,201,209,210,212,213,215,218,219,225,231,233,234,235,236,237,238,242,245,248,252,260,261,262,263,270,272,276,279,282,285,286,289,290,295,296,300
6,15,25,28,39,46,50,51,59,60,63,69,92,99,119,126,129,137,141,145,171,175,196,213,217,224,226,259,278,285,293,298,302
4,5,16,24,25,29,54,59,66,70,103,110,119,124,136,140,153,154,162,165,166,177,180,188,191,196,201,206,215,216,217,241,242,244,266,270,275,285,299,300
121
71,131,140,168,232
0,53,80,85,94,96,115,128,138,143,145,148,153,154,159,177,194,198,212,215,220,235,241,262,268,270,278,280,300
105
16,28,33,46,64,67,76,85,91,98,115,121,132,141,161,166,173,178,205,206,224,228,232,253,258,259,264,281,282,299,301
123
4,16,22,28,31,34,39,41,55,63,65,72,92,94,96,97,98,100,101,104,106,110,116,122,128,130,132,138,141,146,147,153,158,160,161,163,164,171,173,177,181,190,196,201,203,204,207,210,220,221,223,232,233,241,249,250,252,255,263,271,273,276,279,282,293,296,300
101
252,281
146
75
0,6,15,19,20,24,32,33,45,50,54,55,59,66,75,79,80,83,86,89,97,99,101,103,110,123,124,129,130,132,138,139,140,148,155,157,159,162,169,171,173,182,184,187,189,190,194,195,196,200,206,210,211,212,215,219,221,230,232,235,237,238,240,242,250,254,263,266,270,276,282,288,293,295,298,299,300
137,256,297
1,58,85,98,153,165
79,138,196
171
74
9,11,12,17,19,20,32,58,68,100,108,123,124,140,141,148,161,173,175,187,207,221,223,238,242,245,252,259,260,262,270,299,300
141,203
8,38,46,74,77,85,228,264,287
124
53
275
175
63
80,152
279
300
4,17,20,27,31,35,42,45,52,60,63,64,65,67,76,77,83,86,87,94,99,104,105,115,122,123,124,129,137,141,146,150,153,155,156,158,161,167,173,174,178,190,200,201,206,215,217,232,245,249,256,259,269,300
16,40,110,143,166,169,178,201,221,252,265,273
3,4,64,96,111,118,130,132,201,203
108
28,140,174
260
159
282
12,163,223,256
271
0
213,221,268
120,141
38,169,198,252,256
235
104,107,170,191,265
0,3,4,5,6,8,9,16,18,24,32,37,55,63,71,75,80,88,92,95,96,109,112,115,119,124,126,127,129,130,132,142,158,162,167,173,174,175,180,187,197,198,206,210,220,232,234,235,237,238,240,247,249,250,254,255,262,265,267,269,272,278,279,290,293,295,296
141
126
158,237
12,59,124,194,290
132,133,233
171,250
149,191
123
46
124,132
159,263,270
121
284
46,225
35
3
70,133
80,181
21,44,99,110,122,128,161,167,169,184,198,210,221,225,238,249,278,288,295,296,300
215
119
80,175
5,11,21,24,38,51,76,104,117,121,123,141,152,153,157,175,177,193,206,212,218,222,226,232,238,242,245,252,273,300
141,245
4,10,16,25,40,59,75,106,117,124,145,194,197,201,205,221,229,238,242,245,256,288,296
6,46,210
18,169
75,177
235
20,74,120,132,141,185,215,251,272,298
53,129
153
3,4,10,42,54,57,64,110,115,118,148,152,171,175,190,191,205,216,271
99,212
242
196
32,144,156
16
79
2,4,5,9,12,16,17,22,31,32,33,34,39,41,45,47,50,52,63,75,83,88,89,92,95,96,104,106,107,110,115,119,124,126,127,129,132,141,142,145,146,147,148,153,156,158,159,161,165,166,169,175,180,182,190,194,201,204,210,216,217,220,221,227,229,230,231,233,237,238,239,242,244,248,252,253,255,270,272,275,277,282,283,289,290,297,300,301
65
200
234
221
84
12,27,41,42,63,64,97,106,112,141,177,197,199,213,216,248,249,260,293
8,197
34
1,27,173
166
17
4,16,79,201,207,290,300
3,10,31,53,65,67,86,104,118,122,124,126,130,131,132,169,174,178,232,238,254,258,271,275,300
35
18,83,216
5,11,12,19,32,38,46,48,49,50,68,81,87,95,97,104,108,124,127,129,132,141,153,165,176,201,223,232,236,240,243,251,256,260,298
124
167
201
71,109
39,221
159,167
5,18,32,80,101,115,132,153,194,212,230,266
153,211
148
110,224
235
141
6
16
241
261
71
11
44
6
145
162
3,6,9,16,22,31,32,35,37,38,39,69,72,80,81,86,88,89,90,94,96,99,103,110,118,122,123,128,129,130,131,132,133,136,139,146,153,163,169,170,173,175,176,177,178,181,183,185,191,196,197,199,205,218,219,220,224,232,237,238,249,252,253,264,268,269,271,273,279,285,287,293,298,300
76
123,169
269
11,58,61,119,200
4,52,53,61,75,96,108,112,118,123,128,130,137,141,154,179,180,194,197,201,206,216,217,220,232,241,271,301
4,6,7,16,20,24,38,40,42,46,48,65,69,71,74,76,79,81,83,88,90,92,95,96,99,101,106,107,109,110,115,117,120,122,123,124,126,129,130,132,137,141,147,153,161,164,166,167,169,170,171,178,180,190,196,197,200,210,213,217,220,222,232,233,234,235,238,248,250,252,253,257,267,269,270,272,273,278,282,285,290,299,301
234
4,5,6,18,23,27,50,58,75,79,87,88,89,95,122,132,133,136,137,140,145,160,173,187,193,201,206,210,231,247,255,261,272,275,279,293,296,300
252
121
119
177
198
238
89
41
132
110
265
4,16,92,131,201,219,224,269
9,13,18,19,21,25,27,28,32,37,39,40,41,42,46,48,55,59,60,72,74,75,79,84,86,94,100,103,107,108,110,112,115,117,119,120,121,123,124,126,131,132,133,137,138,141,149,152,153,156,159,161,162,164,165,173,174,175,179,180,181,182,198,204,208,209,212,213,216,218,220,222,223,224,230,231,232,233,234,235,238,242,244,247,248,252,257,260,270,271,272,273,275,286,287,289,297,298,299,300
0,272,295
63,95,112
223
194
141,215
0,5,6,12,20,24,27,33,48,51,52,53,57,64,80,104,115,116,118,123,128,129,139,142,146,158,161,169,172,174,185,190,191,193,196,199,210,213,217,226,241,244,254,258,279,284,288,296
132
132
16,37,75,123,134,148,189,200,201,254,271
12,31,46,57,68,104,116,120,121,130,140,141,152,161,165,173,212,217,238,250,251,252,253,264,270,273,300
0,1,2,3,4,5,6,7,8,9,10,11,12,13,14,15,16,17,18,19,20,21,22,23,24,25,26,27,28,29,30,31,32,33,34,35,36,37,38,39,40,41,42,43,44,45,46,47,48,49,50,51,52,53,54,55,56,57,58,59,60,61,62,63,64,65,66,67,68,69,70,71,72,73,74,75,76,77,78,79,80,81,82,83,84,85,86,87,88,89,90,91,92,93,94,95,96,97,98,99,100,101,102,103,104,105,106,107,108,109,110,111,112,113,114,115,116,117,118,119,120,121,122,123,124,125,126,127,128,129,130,131,132,133,134,135,136,137,138,139,140,141,142,143,144,145,146,147,148,149,150,151,152,153,154,155,156,157,158,159,160,161,162,163,164,165,166,167,168,169,170,171,172,173,174,175,176,177,178,179,180,181,182,183,184,185,186,187,188,189,190,191,192,193,194,195,196,197,198,199,200,201,202,203,204,205,206,207,208,209,210,211,212,213,214,215,216,217,218,219,220,221,222,223,224,225,226,227,228,229,230,231,232,233,234,235,236,237,238,239,240,241,242,243,244,245,246,247,248,249,250,251,252,253,254,255,256,257,258,259,260,261,262,263,264,265,266,267,268,269,270,271,272,273,274,275,276,277,278,279,280,281,282,283,284,285,286,287,288,289,290,291,292,293,294,295,296,297,298,299,300,301,302
0,64,86,119,150,153,175,196,238,245,269,295
12,191,252
9,12,20,38,44,50,59,86,89,92,96,99,115,118,120,132,133,138,140,141,161,164,165,170,173,175,182,185,190,206,221,224,230,237,245,252,259,261,273,276,293,300
6,12,16,27,32,49,64,67,82,83,86,103,109,126,129,131,132,133,136,139,140,147,169,170,171,174,178,194,228,238,245,293,300
230
282
0,1,2,5,6,16,33,41,46,79,115,124,132,140,153,159,161,171,174,177,206,232,265,269,270,276,281,288,296,301
299
0,4,8,9,11,16,20,21,22,23,24,32,40,42,46,50,55,59,63,69,71,75,79,80,82,84,86,87,94,99,103,104,106,110,115,116,118,121,123,124,126,127,128,129,131,132,138,140,141,143,147,149,154,156,160,161,164,165,166,167,168,169,170,172,173,175,178,180,182,184,194,206,210,212,215,216,217,221,224,232,235,238,240,245,247,248,249,255,256,259,265,270,273,279,281,290,293,296,297,300
12
81
16,32,33,86,94,122,124,141,158,169,175,194,224,231,232,237,273,276,285,291,293,300
243
129,290
278
142
273
232
39,123,145,293,299,301
88,279
142,164
3,9,17,22,26,38,40,64,65,70,80,81,83,91,110,115,120,121,124,126,132,150,156,167,169,174,177,187,196,212,221,229,253,259,271,281,286,299
0,55,96,110,132,162,238,240
12,16,19,31,34,60,81,85,112,115,123,129,132,167,175,181,190,197,208,210,216,228,254,282,300,302
121
0,6,9,10,12,25,33,46,52,55,57,58,96,97,115,118,120,153,159,166,189,201,206,228,255,260,263,275
252
87
163
75
191
11,44
104,123,140,149,159,178,187,217,221
3,28,33,41,46,54,110,130,159,169,175,206,232,233,238,239,276,282,290,294,300
22,23,28,51,65,70,78,81,96,110,121,126,129,132,138,141,164,167,201,221,223,285,300,301
45
31
138
16,32,34,49,64,71,199,240
45
141
132
95
0,300
36,54,115,124,141,153,219,265,272,299
300
21
180
23,94,103,124,157,173,181,184,201,210,225,237,247,265,285
143
67,108,120,221
205
8,22,32,38,44,96,104,106,110,121,152,153,165,175,198,217,219,238,285,296
124,277
1,6,22,26,32,33,34,51,64,115,132,138,141,173,175,177,185,210,221,227,237,241,244,247,253,265,276,293
213
129,143,245
221
191,299
226
16,44,49,53,75,110,115,116,132,144,165,169,175,185,213,217,218,226,238,243,251,255,260,269,270,273,283,285,287,296
1,5,23,25,28,38,40,41,75,76,88,102,121,129,132,137,139,141,148,159,167,168,170,175,178,185,190,200,207,217,238,244,248,262,276,277,278,281,283,285
17
23,24,25,49,51,53,54,56,59,67,68,72,76,95,97,100,117,121,124,126,132,137,149,153,161,163,164,166,169,175,181,194,199,201,210,217,221,232,236,238,264,267,270,276,282,283,300
132,174
232,268
270
4
4,115,300
179
196,265
131
44,66,128
173
16
149
104
83
88
21,58
146,189
187
4,11,15,16,21,23,26,31,37,48,56,57,59,63,64,72,84,88,96,104,106,107,109,110,115,118,124,126,130,133,147,156,161,167,187,204,206,212,216,237,242,243,244,245,247,249,252,261,266,267,271,273,281,282,285,288,293
4,8,22,37,52,68,80,110,118,121,124,132,141,149,153,158,161,173,176,201,206,215,229,232,245,246,252,258,268,288,295,301
260
4,5,12,54,86,118,120,123,126,141,146,168,174,183,196,198,212,237,256,257,279,282,285,288,298,300,301
23,48,49,110,129,141,169,187,190,194,196,197,212,218,221,222,223,226,227,232,233,238,239,250,272,295
1,132
0,1,12,16,17,20,22,25,32,33,40,47,49,52,55,58,60,62,63,68,76,79,86,89,92,101,103,104,106,110,112,115,116,121,123,124,125,126,129,132,137,147,150,152,153,154,156,158,159,171,175,177,178,181,182,185,194,196,199,204,206,211,213,215,220,223,234,237,238,242,244,248,250,252,255,259,260,269,270,271,272,273,285,286,288,295,297,300
81,126,284,285
104,110,232
4,6,75,83,142,181,191,194,201,283
100,103,104,119,132,192,208,238,252,286
65
40
141,163
12,16,17,19,21,23,35,37,39,51,53,54,60,65,79,80,86,96,98,99,100,104,106,108,110,117,123,124,126,128,130,132,141,146,153,166,167,170,171,175,180,184,201,204,220,230,235,238,250,252,253,255,256,259,260,267,268,270,274,277,284,285,290,298,299,300
5,6,12,16,22,24,25,28,45,46,72,75,80,96,97,99,100,106,112,115,119,120,124,129,132,137,141,149,159,165,169,178,180,184,186,196,204,207,217,221,232,239,240,243,245,246,248,262,282,283,296,299,300
297
65
6,16,58,215
132,199
250
277
175
146
225
4,6,27,34,39,51,55,59,76,83,93,94,103,110,126,132,133,146,148,158,166,167,169,172,178,189,190,210,221,225,232,238,247,252,256,276,290,293
5,26,44,68,84,110,154,184,201,246
85,139,180,228,300
184
16,130,190,206
4,5,6,7,9,16,18,19,22,24,32,40,44,46,52,55,62,74,84,86,87,92,94,100,103,104,116,121,123,124,126,129,131,132,136,141,143,145,148,153,159,165,166,174,188,191,194,196,198,199,202,204,206,213,218,221,224,225,226,229,232,233,234,236,238,240,242,251,252,256,259,262,279,283,285,288,295,296,299,300
100,123
241
74,132,175,179
0,1,4,6,12,16,17,22,28,31,36,40,41,44,45,47,49,50,59,61,63,64,67,69,74,77,79,82,83,86,92,94,96,97,99,100,101,102,104,110,113,120,121,122,123,124,127,132,136,138,141,147,149,153,154,157,158,159,162,163,164,165,166,167,170,171,172,173,175,178,179,180,184,187,190,191,194,196,198,200,204,206,207,210,212,213,216,219,220,221,224,225,226,230,231,232,233,234,235,238,240,245,248,252,255,256,262,266,273,275,279,283,285,288,290,293,298,299,300,301
173,254,285
169
126
241
52
173
22
284
293
1,2,5,8,12,16,22,25,26,27,46,53,60,61,69,73,74,75,84,86,95,96,97,99,118,126,129,131,132,137,138,141,142,148,150,153,154,158,167,174,175,179,180,190,194,198,201,206,207,212,217,222,225,236,238,239,252,256,258,260,262,268,271,275,276,277,286,293,298
141,149
24,38,39,210
25,123,225,228,268
4,52,86,132,138,141,143,184,201,231,232,233,243,270
3,6,16,33,55,61,63,64,80,81,84,102,104,106,118,121,123,124,130,133,136,146,152,153,171,175,177,182,184,185,193,197,214,216,217,218,221,232,237,244,252,255,258,279,282,288,293,296,300
108
0,1,4,6,8,16,20,22,28,32,36,38,40,44,45,49,54,55,60,61,64,66,76,81,86,89,104,120,121,124,126,132,135,136,141,146,147,152,153,156,159,162,164,171,173,174,175,181,187,196,197,199,200,201,207,210,219,221,223,224,225,226,229,230,232,233,244,245,248,252,255,265,270,271,272,277,279,282,284,285,300
267,295
7
50,92,110
6,16,59,60,63,75,94,97,105,110,126,141,169,171,189,240,249,255,270,292
120,180,181
0,4,6,9,64,86,104,124,148,153,158,166,184,200,228,230,252,285
204
3,153
141
3,4,5,6,12,52,109,115,118,131,137,141,143,159,166,175,177,227,237,240,243,252,270,287,294,297
245
165,233
108
0,4,16,19,20,24,25,27,34,35,47,58,75,76,79,80,105,118,123,126,129,133,141,143,146,158,179,184,193,197,201,212,214,215,219,224,226,227,229,231,238,239,241,254,256,259,264,267,271,276,281,282,285,293,299
62
249
63,287
285
300
260
4,55,69,71,104,143,193,201
174,199
178
164
8
0,1,4,5,6,14,16,20,28,32,34,36,37,38,43,44,45,49,51,52,54,63,64,66,67,68,72,75,78,80,83,87,88,91,92,96,97,98,104,106,110,116,118,119,120,123,124,129,132,133,136,137,138,139,140,141,142,143,148,149,152,155,156,157,159,162,166,167,175,177,178,179,180,183,184,185,193,196,200,203,206,207,210,213,216,219,220,221,222,224,228,229,232,237,238,240,241,250,254,255,260,262,265,271,275,280,281,285,286,289,290,300,301
300
4,8,38,47,55,79,105,131,139,167,180,201,229,236,238,252,285
4,6,10,11,17,25,31,53,59,95,110,118,122,123,128,133,137,146,153,158,159,167,175,177,179,181,190,201,210,214,215,237,255,270,279,281,284,292,300,301
167,220,280
5,6,11,19,20,25,38,44,45,50,54,56,63,72,86,88,89,98,100,104,120,124,126,128,129,132,138,141,147,153,161,170,171,173,174,175,179,181,184,189,191,196,198,199,200,206,215,220,222,227,230,237,238,243,251,252,255,258,263,270,272,282,283,284,288,291,293,294,295,300
284
167,290
217
4,17,64,84,115,124,166,225,248
52
25,104,170
249
124
4,141,143,187,201,271,285
232
107,140
33,79,263
0,19,245,283,290
242
141
3,6,7,8,11,12,14,17,18,19,20,22,23,28,36,40,42,48,53,60,68,73,74,81,83,84,86,87,88,93,95,96,101,110,118,119,120,124,128,129,131,138,139,141,142,154,163,165,167,170,181,196,206,207,208,210,213,214,215,217,220,221,224,226,228,232,240,242,245,248,252,254,258,262,265,271,275,281,282,283,285,293,295,296,298,299,300
69,132,165,199
276
94
0,5,16,27,28,32,39,47,58,59,63,65,68,71,85,86,99,104,121,124,127,129,132,139,141,153,165,166,170,171,174,175,182,194,200,206,212,217,219,232,243,249,253,268,269,275,284,285,293,295,296,297,298
98
300
130
22,110,137
206
237
4,5,12,17,25,31,33,38,63,64,75,106,118,123,132,159,161,167,175,177,186,210,217,235,241,249,252,259,260,262,266,277,293
1
57
124,128,138,175,198
0,8,16,18,20,22,25,31,34,35,49,54,60,71,74,79,87,91,96,97,99,104,110,112,118,119,122,123,124,125,127,131,132,141,142,143,147,154,159,166,171,173,179,182,184,185,186,195,199,203,219,220,221,225,232,235,238,247,249,252,253,257,276,278,285,286,290,293,298,300
161
3,40,62,99,121,182,253
212
153
144
31,34,72,90,104,110,147,174,182,206,213,215,217,218,223,269,299
36
218
24,165,184,208
75
148,172,231
223
232
38
290
216
36,83
4,201,270
0,242
263
19,119,183,194,290
22,23,41
3,4,24,31,40,51,67,72,96,104,115,118,121,126,132,141,146,159,174,177,186,191,194,196,198,213,214,222,232,235,237,249,260,264,277,279,285,300
19,46,101,190
109
0,1,4,5,6,9,11,16,17,19,22,24,31,34,36,37,40,42,45,47,51,52,58,63,75,80,81,86,95,101,104,106,108,110,118,121,123,124,126,129,131,132,139,141,147,148,155,157,166,169,170,173,174,175,182,189,191,198,200,217,221,225,227,228,233,235,237,238,245,248,250,254,258,259,263,267,270,275,278,279,280,281,282,284,286,288,297,300
87,124,206
59,124,230
76,110,156,238
285
161
20
289
4,129,131,141,201,214,273
117
4,16,28,51,60,65,110,129,141,153,169,185,187,197,234,238,245,298
231
25,157
87,116,294
2,41,83,84,86,115,126,166,172,220,225,258,259
252
33,84,124,150,157
103
0,1,3,4,8,16,22,23,25,32,34,35,38,42,46,47,48,49,50,51,57,61,64,66,68,74,75,80,84,88,89,92,95,96,103,107,109,110,115,117,118,120,122,124,127,131,132,133,137,138,140,141,142,143,145,153,159,163,166,167,169,173,175,176,177,181,185,191,193,196,198,204,206,208,212,220,221,225,226,234,235,238,242,244,247,250,253,255,262,264,266,270,277,279,281,283,285,286,287,288,293,294,296,299,300
201
16,106
67
232
195
21
191
75
9
5,9,32,42,48,49,55,57,74,75,77,99,100,104,121,124,129,140,143,144,188,217,218,221,266,269,291
138
16,282
226,298
47
4,6,9,10,15,16,23,27,29,30,35,36,38,40,43,49,50,53,54,55,59,63,66,67,74,75,82,86,87,92,95,98,100,107,110,114,116,118,121,122,123,124,126,130,132,136,138,139,141,144,147,152,154,158,159,164,165,169,171,174,175,178,185,186,193,194,195,196,197,198,207,209,210,212,217,221,223,224,225,232,234,238,239,240,248,250,252,253,258,260,262,263,264,268,275,282,283,284,287,288,290,291,295,298,299,300
4,25,53,102,121,123,129,132,157,165,166,182,193,194,200,201,210,219,220,230,238,254,289,292,300
22,46,158
161
16,129,221,295,300
59,83
252
128
2,5,6,11,12,16,22,28,31,39,41,44,45,52,53,64,68,79,81,83,92,94,104,107,108,109,110,113,115,116,118,121,124,128,129,131,132,138,141,153,159,162,165,166,169,173,179,181,184,187,189,193,194,196,198,199,207,210,214,216,217,220,221,224,227,234,240,241,247,253,257,260,269,271,277,278,280,285,290,293,294,296,297
175
212
260
4,5,16,19,20,22,25,31,33,35,38,53,60,74,75,81,86,88,89,97,104,111,119,121,130,132,140,154,156,165,171,185,201,212,215,218,222,234,238,244,245,250,254,256,259,275,276,282,302
17
173
63,96
126
110,226,289
60,107,123,124,177,186,215,228
1,54,68,84,128,210,226,293
141,213
133,215
107
80
100
285
16,106,145
0,6,16,21,31,50,81,110,120,129,133,141,155,158,161,175,180,181,196,238,242,262,271,275,285,297
124
81,167
122
121,132,159,264
4,16,28,63,71,74,92,98,104,107,109,120,121,126,129,138,143,153,185,187,190,215,217,223,238,242,265
229
295
89
5,8,11,16,22,24,25,34,41,55,63,65,67,75,80,87,89,96,110,120,122,124,130,131,132,138,161,165,166,169,173,177,180,191,198,210,215,227,228,229,231,237,238,248,252,259,264,284,285,293,298,299
200
8,48,66,149,187,198,273,300
173
17,59,235
143,232
209,227
300
157
139,166
21,240
196
16,25,31,47,69,75,80,87,104,114,118,121,123,132,153,197,200,247,273,275,279,291,301
284,290
74
0,1,5,6,22,24,25,26,41,44,45,46,49,50,52,53,54,57,62,63,64,69,71,72,74,75,76,83,96,100,101,103,106,109,110,115,118,122,123,128,129,130,132,140,141,143,145,153,163,167,169,175,176,177,178,180,181,182,183,184,187,188,194,196,197,206,212,213,215,218,223,225,231,232,234,238,239,242,243,245,249,252,254,255,263,264,265,267,268,269,271,273,276,277,278,282,285,288,290,293,295,300,301
79
190
165,288
126
0,1,3,4,5,8,9,15,16,19,23,24,34,35,40,41,42,43,46,50,60,63,66,67,68,69,70,72,77,79,80,81,88,92,95,97,98,99,103,104,107,110,117,118,124,126,127,129,130,132,138,141,143,148,150,152,153,158,159,161,165,167,175,178,179,180,184,200,201,206,208,210,212,217,224,227,229,232,235,238,243,244,250,252,254,255,259,263,268,269,273,275,279,281,282,285,286,289,299,300
210
3,4,6,17,18,22,24,33,43,45,48,51,52,63,64,68,70,72,75,76,80,92,94,95,98,100,108,109,110,116,118,121,126,128,132,133,138,140,141,148,150,153,158,169,170,171,173,177,181,192,193,196,198,201,206,208,212,217,220,221,226,237,238,245,247,249,250,252,253,255,256,258,264,265,266,268,271,275,276,288,292,293,295,300
1,9,22,28,46,64,114,115,123,147,250,274,284
22
174
22,118,173,250
28,141
3,4,6,16,17,19,24,32,45,48,50,52,53,59,64,73,75,80,84,86,96,103,104,110,116,120,124,126,127,132,137,143,162,165,180,182,196,197,204,215,217,223,230,231,235,244,252,253,254,255,256,260,269,270,271,277,282,284,286,289,293
296
12,30,32,39,64,74,106,110,118,120,130,132,145,169,171,201,219,221,233,236,238,248,270
286
9,85,86,87,106,112,118,128,132,158,173,268,277
104,224
4,6,12,16,24,28,32,38,39,40,55,71,75,76,77,78,79,81,94,96,100,105,117,118,124,126,129,132,141,143,147,149,153,156,164,167,171,175,187,197,201,206,210,218,221,232,248,249,251,252,260,263,266,269,270,273,285,299
4,5,9,12,17,20,22,24,25,27,31,33,36,38,40,44,45,46,47,48,50,58,60,63,65,73,77,80,95,100,103,104,105,109,110,116,117,122,124,126,128,129,130,132,140,141,149,153,154,163,167,169,174,175,181,190,196,198,200,205,206,209,215,216,217,226,227,229,232,237,242,243,245,248,249,250,252,259,265,269,277,278,281,285,286,301
166
6,37,39,43,80,93,102,104,117,121,123,140,141,153,167,171,173,175,180,191,193,197,206,207,213,215,217,231,232,245,255,278,286,287
52,116
158,290
65,151,223
65
25,50
222
53,74
0,5,6,9,22,25,32,44,52,55,69,75,76,86,97,104,110,113,115,117,121,124,127,128,132,138,141,142,147,163,165,169,175,177,194,210,217,220,225,228,232,238,241,244,250,252,258,262,263,264,270,279,280,287,290,302
178,285
4,16,17,78,141,180,184,201,227
6,24,38,39,47,49,53,59,66,67,75,80,86,87,94,109,115,121,122,123,124,128,130,138,141,143,148,159,175,177,179,182,183,207,212,215,231,235,238,249,251,258,273,281,284,301
65
39
281
50,191
124
4,41
153,173
171
5,16,19,70,77,86,94,96,100,103,104,110,111,121,123,129,132,141,165,167,184,210,217,223,227,249,270,286,288,290,300
4,5,6,7,12,16,20,25,28,32,33,34,35,39,42,44,45,47,48,50,51,55,59,60,63,65,67,74,77,86,89,94,99,100,104,107,109,110,122,123,124,127,129,130,131,132,137,159,161,166,169,170,175,179,184,187,191,195,198,204,206,210,220,223,226,227,229,231,232,235,238,242,249,250,251,260,264,266,267,270,271,273,276,281,284,285,287,293,300
126
32
5,9,25,64,75,80,94,100,107,129,174,201,246,273,293
6,57
70
3,38,42,57,73,79,92,104,118,124,126,129,165,173,197,198,209,217,222,227,232,255,259,268,269,275,279,281,300
224
16,85,215
108
16,51,69,75,126,145,201,221,232,247,275
4,6,14,39,75,77,141,149,201,229
232
0
1,2,6,11,16,24,32,37,38,41,49,53,58,66,80,81,83,89,94,96,103,104,105,108,115,121,124,140,141,147,162,168,173,196,197,202,204,212,215,217,240,241,244,245,248,250,258,263,269,271,282,285,286,295,300,301
53,232,270
22
219
4,37,103,124,131,146,178,201,214,220,247,252
6,19,61,96,107,110,115,124,139,145,149,167,169,180,247,260,272,288
80,105
215
16,173
199
122,145,156
4,11,16,17,21,22,34,37,45,47,50,61,69,123,124,132,141,159,161,171,174,179,196,197,201,206,210,223,230,238,242,263
260,265
12,88,218
27,53,109
93,197
130
76,128,141,150
153
132
24,121
6,10,12,36,61,65,110,123,126,129,145,148,154,167,188,221,223,233,238,242,245,250,262,281,282,286,289,293
132
14,194,288
281
238
130,165
123
22
106
47,224
4
5,6,19,31,33,49,53,66,68,76,83,104,110,118,128,131,132,149,153,165,166,171,190,194,221,223,232,238,241,252,256,270,274,294,295,301
110,146,170,260
44,68,76,79,83,110,124,167,169,173,205,238,281
6,20,35,37,60,66,69,85,86,97,118,120,121,141,142,167,183,188,198,203,210,212,223,250,265,270,298,299
133,264
4,70,79,116,170,175,201,226,246,292
23
51,270
218,231,300
20
231
110,145,293
143
156,189
130
126,199
8,234
98,174,246
180
4,21,27,28,31,65,66,84,96,101,120,129,147,216,222,252
215,270
96,117,224
4,5,18,21,24,28,30,31,42,48,50,51,60,64,66,69,74,80,81,84,89,98,107,112,115,116,117,118,121,122,124,128,134,138,140,141,142,143,153,157,158,159,162,163,165,166,167,172,174,175,179,185,190,196,199,204,206,212,213,220,222,228,229,235,238,253,254,255,258,261,262,264,267,268,270,272,278,283,290,293
206,240
4,31,38,45,47,49,115,153,165
4,16,41,66,78,110,132,153,173,175,207,223,235,242,258,294
53
51
161
48
174
6,100
198
0,12,21,22,23,25,37,38,41,49,52,63,65,74,79,80,81,84,86,89,94,96,106,107,108,110,121,124,126,128,131,132,136,141,146,153,156,158,163,169,170,173,175,176,177,180,181,185,192,193,198,199,200,206,207,218,223,224,226,229,233,234,237,238,241,248,252,253,258,259,265,268,270,271,285,289,293,298,300
143
248
270,287
130,255
16,94
87,187,210,221,243
108
0,5,6,16,18,28,29,54,57,59,75,86,89,98,99,104,109,121,130,132,134,141,152,163,181,184,191,217,235,239,249,268,270,273,275,278,289,293
53
75,135
11,16,35,65,85,103,118,126,132,138,139,166,178,197,206,210,212,232,238,247,253,254,263,269,271,280,300
132
104,117,139,217,229,258
129
141
6,14,23,86,124,136,138,171,220,221,237,254,282
269
27,141
180
124
5,30,34,55,63,84,92,98,104,117,118,119,120,132,133,141,150,161,162,165,167,181,198,206,219,223,233,247,255,261,270,298
184
270
293
166
104
126,271
283
86,97,148,206
140
56,217
28,110
0,5,6,7,8,11,16,18,19,21,24,31,40,44,46,47,54,55,57,65,66,69,76,79,80,84,94,96,99,100,104,105,118,123,124,126,127,128,131,132,133,134,137,139,141,145,146,152,156,163,164,167,171,174,175,182,190,191,193,196,198,200,201,204,206,207,217,219,220,224,234,238,244,245,250,253,254,264,267,270,273,279,285,287,290,293,294,295,298,300,301
124
123
136
69,124,238
237,238
140
140
4,6,16,18,25,32,37,40,42,55,56,64,66,69,72,74,86,89,94,96,97,101,115,123,124,129,130,141,148,149,164,165,166,174,175,177,179,187,190,194,201,206,210,216,217,219,221,224,229,232,233,237,250,252,259,261,262,264,267,274,278,279,282,284,285,288,290,293,296,298,300,302
35
255,300
171
6,80,108,124,141,165,255,300
1,6,9,12,20,22,24,27,33,47,49,63,70,73,81,86,89,94,101,104,106,107,116,118,121,124,126,136,143,144,149,153,167,170,173,175,185,197,200,202,206,208,217,220,222,230,231,232,234,235,266,270,271,273,275,282,288,293,297,301
4
132
5
0,1,2,5,6,11,16,17,24,25,35,37,38,40,46,49,53,55,60,66,67,70,75,76,88,99,100,107,108,109,110,115,118,119,121,124,130,137,140,141,143,153,158,159,165,167,169,170,172,175,181,182,186,196,198,215,219,222,224,228,231,232,238,240,252,255,259,261,270,271,278,281,285,288,293,295,299,300
8,9,19,60,64,68,75,84,108,115,128,145,153,167,181,208,215,222,224,225,227,242,245,248,249,256,264,267,270,271,272,279,282
226
18
259
63
180,279
124
270
191
72
227
217
97,234
123,241,284
123
296
0,5,12,66,69,70,75,80,104,105,120,127,129,137,141,159,166,167,174,202,210,223,239,244,257,270,290,294
31,84,104,139,159,171,194,200,206,217,270
80
175
219
18
4,16,23,50,55,63,141,158,169,171,193,217,232,238,273,289
196
121
34,118,124,130,181,226
300
45,188
267
281
131
60
6
238,252,295
0,4,32,69,80,95,98,106,134,139,141,153,166,201,219,226,231,235,247,263,276,282,298
178
57
0,3,20,40,48,51,63,68,69,80,81,104,118,124,132,138,153,156,170,173,174,175,212,217,229,232,238,240,241,243,245,269,273,277,282,285
295
282,287
190
283
71
0
18,109
4,5,6,9,16,17,18,19,28,30,31,32,36,37,38,48,64,67,71,80,86,93,99,100,104,121,123,129,137,141,148,162,165,169,171,175,177,187,195,198,204,206,208,210,213,217,218,221,227,235,237,241,248,262,271,273,277,282,295,299
103,107,129
131
232

173
119
0,260
4,44,46,49,51,55,75,86,96,100,103,110,120,124,132,141,145,164,169,196,201,237,284,289
76
169
221
27
190
282
132
247,273
175
107
22
169,300
6,159
159
201
60
270
16,273
231
0,3,4,6,8,19,20,28,32,40,41,45,49,51,53,67,72,78,85,86,88,95,96,108,114,115,123,124,128,129,138,144,146,148,153,154,159,165,173,174,175,179,182,190,197,202,208,218,219,220,227,228,232,233,239,248,249,253,255,258,261,265,266,273,277,279,282,286,290,295,296,298,301
101
0,4,19,21,47,59,72,98,131,132,148,152,182,229,270,278
210
137,221
215,245,264
296
177
145
6,16,32,104,141,153,171,196,216,243
252
150
121
124,175,210,298
41,132,179
29
35,45,60,63,64,86,89,110,126,137,138,144,169,174,184,208,212,221,238,242,265,273,282,284,295,300
75,88,116,132,194,234
221
0,6,33,34,61,64,115,132,150,175,221,245,277,284
44,183
160,254
1
91
138
12,17,18,22,23,33,44,76,88,97,104,108,129,132,140,142,146,153,184,204,213,215,229,235,242,244,245,261,273,278,281,293
49
156
300
39
103
232
55,104
27
79
75
120,153,264
270
223,237
180
41
221
141,250,286
50,286
5,63,69,94,107,110,124,158,169,171,177,197,207,231,238,262,267
197,226
6,22,25,37,45,86,94,109,123,126,130,153,154,156,166,176,178,179,201,212,218,230,242,247,271,288,290
38,44,49,50,72,75,87,88,89,95,110,124,146,169,198,223,231,236,237,238,253,270,279
50,72,104,132,163,217,282
115,148,158,217,295
0,4,5,16,17,25,33,34,39,42,43,44,47,49,51,55,59,61,63,65,67,71,75,81,85,86,88,93,95,98,101,103,109,113,116,117,118,120,122,124,129,132,133,137,140,141,148,153,155,158,159,164,171,173,175,177,179,186,190,196,204,206,215,218,221,222,223,225,229,231,232,233,235,240,242,243,249,262,263,270,273,282,296,302
163,271
104,124,175,201,236,240
128,192
232
4,6,18,19,22,41,44,49,55,60,61,86,89,96,106,110,123,126,143,146,150,158,170,195,201,206,210,217,226,241,247,252,260,265,267,272,273,289
110,132,190,300
48,256
22,42,94,229,245
230
201
4,83,132,165,173,201,212,233,235,274,288,299
75,80
206
243
259
1,4,16,20,47,74,81,83,84,86,96,98,110,118,124,137,141,148,161,164,165,167,175,196,201,210,213,221,223,224,229,231,232,233,238,245,255,266,270
110
49,168
163
147
33
253
28
74
33,97,124,147,237
258
152
54
165,238
149
186
132
8,31,45,86,115,118,124,126,147,252,268
88
84
99
139,166
88
110
132,203
74
0,1,5,6,12,16,19,21,31,32,34,35,47,51,53,54,55,63,67,71,73,79,81,86,87,88,89,92,95,96,97,98,103,106,107,109,110,115,119,120,123,124,126,128,129,131,132,133,139,140,141,143,150,151,153,156,157,159,164,165,166,169,171,173,175,178,182,184,185,191,196,197,198,203,206,210,213,218,224,229,230,231,232,235,238,245,247,248,252,256,258,260,261,262,265,270,271,273,278,282,283,293,294,295,296,300,301
58,92
74
22,121
206,300
67,214,226,288
133,168
92,146
146,197
51,230
124
300
114
110,169,238
0,1,4,6,8,9,12,13,16,27,28,31,32,50,52,58,67,74,75,76,79,83,84,86,88,89,104,107,110,112,117,118,120,121,123,124,126,127,128,131,132,139,140,141,142,147,150,153,154,159,165,166,169,170,173,175,179,185,194,197,198,207,217,220,223,227,232,234,235,240,241,242,260,270,276,282,285,289,295,296
118
252
110,248
46
24,34,35,244
70,276
171
141
263
19
0,32,69,139,166,170,210,293
260
71
286
6,16,25,54,67,85,96,123,126,147,153,167,181,183,197,228,279,300
287
119,220
4,58,107,110,123,141,167,194,201,210,227,238,267
124
235
130,279
112,122
124
17,67,244
39,197
233,285,299
118,165
225
75,121,258
26,28,76,80,120,169,238,270,285
55
173
127
33,109,217
100
61,117
197
3,5,6,12,15,17,22,31,40,41,45,48,49,63,74,90,95,96,98,108,109,110,112,118,123,124,129,130,132,137,139,141,143,156,159,161,165,166,169,173,175,176,177,178,179,182,184,189,191,207,209,210,218,221,230,232,233,236,238,241,242,245,247,252,255,263,265,269,285,288,294,295,298,300
10
55,230
187
25,128
139,166,250
110,259
55
206
137
138
126,152,253
32
3,4,5,6,10,16,21,23,24,27,35,38,41,48,54,61,62,66,67,74,79,80,92,96,107,110,115,116,117,120,121,124,126,129,132,133,141,149,153,159,163,169,170,171,173,175,179,181,185,205,206,207,212,213,221,222,226,229,232,233,234,242,245,264,265,269,291,293,298,299,300
0,4,5,11,20,22,32,35,38,39,44,45,48,49,54,55,60,61,63,65,74,79,83,91,92,96,101,104,111,118,121,123,128,132,139,140,141,147,148,150,153,159,165,166,175,181,183,198,209,210,212,215,216,223,224,233,235,240,241,248,250,252,256,257,259,260,261,265,267,268,270,277,283,285,295,299,300,301
4,104,116,129,136,154,201,219,238,285,286
